27 69 
1
14 26 -6334
26 10 11478
16 2 5705
7 6 9961
25 8 4827
18 24 3902
22 16 17421
8 23 5447
2 9 1869
17 1 17035
2 24 31322
15 20 15141
11 10 25547
19 6 20037
2 21 27529
4 11 22190
18 1 9040
13 22 27446
14 6 -24370
12 11 19629
0 1 -18756
25 5 13931
15 12 24626
2 19 16118
2 3 5021
5 10 6270
20 21 5097
10 6 9161
26 8 23655
8 10 -27350
12 16 -13966
3 5 18007
13 2 27753
14 26 32209
2 12 6422
20 16 16413
9 2 18762
22 14 27624
2 3 27595
11 23 10291
5 4 4596
24 6 19668
19 9 53
12 20 6900
10 8 3728
24 19 17807
0 2 22813
26 2 18935
26 11 16519
10 9 6224
12 20 14989
9 19 3093
13 21 29314
23 9 13458
6 5 14798
14 8 28009
6 24 18538
17 14 18190
20 8 19815
13 9 16202
26 21 20328
10 26 18875
7 0 23844
11 3 10322
4 2 3557
1 8 5075
8 26 21003
14 0 13401
0 7 5002
10
