56 65 
1
41 43 -6334
17 44 11478
26 48 5705
41 27 9961
27 14 4827
23 44 3902
12 6 17421
6 15 5447
43 2 1869
19 35 17035
31 11 31322
33 16 15141
29 36 25547
14 53 20037
33 50 12316
14 50 288
24 38 19264
6 5 15890
10 6 15006
33 20 19629
4 18 -18756
38 40 13931
32 15 24626
49 34 16118
25 21 4833
47 34 -22704
33 10 31673
37 17 26924
54 5 26777
1 48 -23986
33 44 22355
55 12 -27350
29 52 -13966
27 7 18007
1 23 27753
49 5 32209
38 26 -27506
4 55 18762
50 31 27624
43 9 -3602
43 36 -9374
49 30 53
42 50 6900
39 19 3728
8 27 17807
21 50 14309
7 35 20600
55 28 22798
3 45 3093
3 19 29314
45 22 28009
32 46 18538
0 22 26362
1 13 9832
1 51 31185
16 0 1832
1 36 28321
14 38 481
12 6 7129
47 10 11173
4 43 26292
5 32 -26154
41 41 13186
50 22 2168
27 49 17958
10
