67 69 
1
41 42 -6334
7 46 11478
28 9 5705
32 10 9961
47 16 4827
30 65 3902
24 54 17421
20 63 5447
31 14 1869
6 35 17035
27 26 31322
52 41 15141
46 34 25547
33 61 20037
13 26 27529
55 20 22190
20 23 9040
35 2 27446
11 29 -24370
65 13 24393
31 55 -18756
8 6 13931
60 11 24626
43 31 16118
15 59 4833
16 44 -22704
41 28 31673
63 2 26924
39 0 26777
5 30 -23986
49 10 22355
4 30 4031
14 11 16941
19 41 18007
47 26 27753
49 43 24221
57 22 -27506
65 23 900
57 61 27624
41 51 27595
51 29 10291
61 32 4596
12 17 19668
40 44 53
20 66 6900
37 65 3728
59 38 17807
39 51 22813
38 45 18935
18 19 6224
15 47 14989
46 50 3093
38 46 29314
58 52 20580
25 28 28009
61 54 16202
31 62 18875
6 1 27892
20 3 28617
52 36 3434
37 17 19866
14 48 28286
41 21 1832
27 56 17958
41 64 7487
44 53 22658
18 21 4678
66 24 1018
14 37 2800
21
