10 67 
1
1 7 -6334
9 4 11478
2 4 5705
5 2 4827
1 4 3902
1 6 19718
1 8 1869
3 1 31322
0 2 288
0 2 19264
6 5 15890
0 0 15006
3 8 19629
4 4 -18756
6 6 13931
4 9 24626
7 8 16118
9 1 4833
9 8 -22704
7 6 31673
1 5 26924
0 9 26777
7 2 -23986
1 6 22355
5 4 4031
0 0 16941
6 0 31107
7 7 15457
3 3 14945
9 8 24221
2 6 -27506
3 8 900
2 5 17410
4 7 21548
5 1 -3602
1 6 -9374
6 1 27348
8 4 8281
3 9 26418
0 8 18127
8 3 24648
7 1 14310
3 4 14309
5 1 20600
9 6 22798
4 8 5844
9 2 3195
3 3 30523
4 3 -7448
8 8 20580
8 1 19589
9 7 20472
8 2 6038
0 7 7958
5 8 19156
2 4 24272
8 6 26362
5 3 29869
4 6 21881
2 1 10021
7 6 27892
5 2 -2600
3 9 17861
1 9 15255
2 5 24182
8 6 28617
2 2 4169
9
