100 200 
1
41 67 -6334
69 24 11478
62 64 5705
81 27 9961
95 42 4827
91 4 3902
92 82 17421
18 95 5447
71 38 1869
67 99 17035
3 11 31322
73 64 15141
53 68 25547
62 57 20037
23 41 27529
16 35 22190
88 6 9040
64 48 27446
90 29 -24370
6 1 24393
29 23 24084
56 40 4966
31 8 16944
26 23 5537
18 82 22929
33 15 4639
4 30 13977
73 86 5021
24 72 6270
77 73 5097
86 90 9161
55 67 23655
31 52 -27350
41 24 -13966
7 91 18007
57 87 27753
45 9 32209
21 88 6422
6 30 16413
0 91 18762
10 59 27624
48 83 27595
2 50 10291
74 20 4596
68 84 8281
53 99 26418
27 67 3728
10 17 22813
9 16 18935
0 49 16519
98 3 6224
44 9 14989
95 85 3093
14 3 -7448
58 18 20580
98 81 19589
9 57 20472
38 92 6038
58 91 19815
56 11 16202
28 46 26362
75 33 29869
22 51 10021
57 76 27892
75 12 -2600
61 88 13401
2 85 24182
88 26 28617
69 54 25721
25 55 3434
41 12 -30145
39 23 16279
49 37 19866
93 95 3297
86 5 24488
55 34 18114
86 63 4313
12 8 1832
13 56 28321
46 82 481
96 22 7129
73 66 12044
54 10 4745
74 22 2168
34 74 24372
33 70 7487
2 80 29213
43 24 11023
3 32 17505
87 60 22413
40 94 2695
19 25 26576
78 93 23851
65 87 29577
11 47 -21153
79 1 12193
97 89 25990
92 97 17549
36 83 18035
85 38 9853
24 48 19923
57 66 4944
18 26 25411
55 1 22549
84 15 17964
75 13 16142
48 72 20426
73 29 32404
26 12 19375
65 36 14736
14 94 8256
36 38 20482
15 31 18230
25 11 32637
90 50 5662
93 53 21416
8 62 22233
3 34 26303
48 24 12317
9 28 -29200
18 58 24050
61 64 11903
43 9 14902
89 48 1282
74 20 5402
31 69 3878
8 19 23971
45 81 26504
85 13 6698
22 38 -19037
61 34 12508
59 93 1515
37 69 -58
71 64 15117
55 15 18330
12 88 28082
85 10 24484
80 15 25951
15 79 17110
73 88 23977
56 89 26113
41 90 1723
28 84 -24778
71 85 21974
33 67 26153
68 25 9676
50 98 3309
86 80 10116
67 28 26679
21 5 8826
16 26 28666
81 64 1340
21 62 14721
9 15 17902
24 41 32745
23 31 4806
18 2 31907
81 12 -21136
14 9 4084
90 93 29996
54 45 14708
91 12 5131
39 58 24722
95 52 25269
38 23 27918
59 98 28486
62 33 12158
46 92 13037
47 58 6602
98 30 -29292
78 99 18352
82 40 28315
62 67 22336
18 97 25828
16 30 4449
58 29 -24520
60 47 25162
75 92 22361
98 46 8714
88 69 8638
75 15 11521
15 28 -13234
5 64 19557
61 24 12549
30 23 28350
25 10 19737
37 78 12393
14 64 31591
35 5 13337
37 23 -28664
8 68 19281
52 73 28652
76 26 28396
49 40 29174
43 11 1941
19 65 3805
16 50 1615
64 66 16893
9 0 19695
89 61 31172
67
