89 90 
1
41 44 -6334
34 60 11478
84 78 5705
52 6 9961
58 16 4827
84 8 3902
25 11 17421
49 48 5447
86 57 1869
35 44 17035
45 48 31322
51 36 15141
40 15 25547
88 5 20037
1 40 27529
34 9 22190
21 24 9040
40 42 27446
48 54 -24370
54 40 24393
49 74 24084
66 3 4966
47 53 16944
62 20 5537
9 35 22929
27 54 4639
9 51 13977
78 47 5021
46 26 6270
77 87 5097
45 29 9161
16 25 23655
26 37 -27350
31 8 -13966
46 20 18007
60 5 27753
82 9 32209
13 76 6422
37 65 900
72 53 17410
34 67 21548
42 53 10291
29 73 4596
25 59 19668
4 17 53
74 81 6900
60 22 3728
84 55 17807
70 31 22813
69 51 18935
41 87 16519
14 43 6224
59 35 14989
80 15 3093
85 74 29314
61 13 13458
21 38 14798
9 61 28009
2 37 18538
75 60 18190
37 50 19815
21 30 16202
64 30 20328
18 80 18875
54 28 23844
76 47 10322
53 3 3557
2 32 -2600
18 83 24182
32 9 28617
0 12 19976
52 84 7441
63 82 21718
30 52 16279
19 44 193
4 35 28286
77 23 5786
22 39 1832
56 19 7129
14 36 4474
15 12 -3102
76 68 13061
57 39 -19711
49 10 123
60 71 29790
78 33 19357
71 7 29337
79 6 11585
37 10 24229
62 32 22296
