1000 1000 
1
41 467 -6334
169 724 11478
962 464 5705
281 827 9961
995 942 4827
391 604 3902
292 382 17421
718 895 5447
771 538 1869
667 299 17035
703 811 31322
673 664 15141
253 868 25547
662 757 20037
723 741 27529
316 35 22190
288 106 9040
264 648 27446
890 729 -24370
6 101 24393
629 623 24084
756 840 4966
931 308 16944
626 323 5537
118 82 22929
833 115 4639
704 930 13977
673 386 5021
924 72 6270
777 573 5097
986 290 9161
355 767 23655
31 52 -27350
941 724 -13966
107 191 18007
457 287 27753
945 909 32209
221 588 6422
506 30 16413
900 591 18762
410 359 27624
548 483 27595
602 350 10291
374 20 4596
348 199 19668
281 734 53
418 938 6900
127 467 3728
648 483 17807
310 617 22813
309 616 18935
600 249 16519
798 303 6224
844 609 14989
195 485 3093
523 587 29314
448 200 13458
580 796 14798
589 798 28009
472 622 18538
38 179 18190
958 191 19815
156 511 16202
272 55 20328
362 886 18875
869 142 23844
881 998 10322
21 699 3557
892 389 5075
600 510 21003
861 688 13401
255 423 5002
182 285 27088
617 757 9832
169 154 25721
976 329 2368
425 555 3434
441 512 -30145
718 753 16139
279 996 16687
549 437 19866
193 195 3297
286 105 24488
455 734 18114
316 671 5786
313 355 31185
912 808 1832
313 756 28321
646 982 481
196 222 7129
535 450 11173
44 659 26292
253 24 -26154
745 649 13186
474 22 2168
787 905 17958
202 625 26477
314 824 29334
372 159 -11833
487 297 7518
773 270 1763
192 985 -3102
213 627 4802
527 625 1543
23 972 13061
3 432 17505
725 31 8492
222 286 -13064
187 360 22413
270 170 235
711 760 18896
285 550 140
695 624 28019
576 694 22658
371 466 4678
851 484 1018
119 152 2800
60 926 9010
170 315 9576
43 758 7164
882 86 29565
577 474 2625
629 928 -25423
902 962 123
737 261 10195
264 260 6202
30 326 29011
411 547 -21153
790 924 30188
940 851 18662
900 713 18958
365 7 -11477
58 439 -2303
357 324 6477
113 887 -19801
460 428 12993
405 540 31111
835 356 -6072
823 485 20556
626 357 8526
337 271 23869
896 22 29617
717 696 11585
423 129 24229
559 932 22296
53 962 3584
654 972 21457
532 963 2607
911 635 10067
675 938 2223
754 511 22741
459 825 -3221
626 934 15205
850 398 22279
193 734 1637
556 993 10176
962 548 -15881
413 641 19855
142 462 27611
424 678 1752
296 673 10040
875 72 -12818
17 932 28112
169 831 20040
685 90 19497
990 145 19353
651 740 22044
335 759 11192
264 181 28503
775 608 29292
549 556 25561
467 541 -26129
813 174 20601
215 683 8213
824 601 23392
670 428 28027
75 786 -15498
287 847 32604
221 663 5706
10 171 -27489
164 542 7619
591 704 31818
750 205 4975
303 422 21098
584 648 2971
913 75 21545
546 678 1769
519 985 28289
865 540 23245
318 870 9601
132 472 27152
570 763 29901
423 527 11600
15 565 28
347 88 2943
409 463 5049
588 342 -608
221 758 29954
146 690 7949
430 620 748
536 783 18035
185 38 9853
224 748 19923
257 766 4944
318 726 25411
355 1 22549
584 515 17964
142 196 21948
426 606 26173
404 705 20626
375 93 16565
736 141 30814
256 652 23936
482 355 21015
230 841 14625
637 186 -19690
662 634 10893
416 452 14008
233 454 16303
303 256 148
317 213 27109
200 80 21318
50 155 31361
903 676 29643
902 561 28489
282 653 -30674
402 923 3831
878 259 19008
971 3 21945
504 392 32685
698 589 12722
37 410 31461
508 961 3959
515 269 24937
58 700 13971
117 215 24555
330 39 30212
82 954 -16085
484 774 8380
951 541 18115
110 898 23073
977 132 29956
113 8 -12941
723 363 28
778 200 5071
974 71 11333
153 295 32168
676 629 28650
309 693 -4686
116 249 26667
679 864 29421
826 816 7516
666 87 27681
340 686 6021
721 64 29309
902 873 17124
745 762 28423
806 268 9318
907 307 23481
136 630 24114
84 556 12290
996 152 1054
708 248 7491
131 114 16439
722 704 6995
269 479 18238
918 866 17659
486 196 7462
158 22 1146
37 925 10647
602 807 -4098
292 600 7278
352 448 -13882
315 575 8762
336 397 31418
828 851 -26816
449 925 658
520 940 29560
162 655 20675
361 754 16398
714 946 21188
638 663 15075
521 475 15615
234 570 905
557 962 14161
549 469 330
350 333 -22925
737 336 18337
393 636 30714
591 949 19135
337 4 16337
664 970 25608
281 85 9152
652 194 9876
396 572 -6249
174 819 943
941 289 8419
805 585 -16216
615 609 11064
893 74 -13509
695 573 15589
172 968 27358
268 426 28510
774 779 30910
182 391 15495
874 364 14902
460 474 6972
122 547 21577
605 195 -27594
343 754 2481
672 439 13428
762 967 24408
908 223 11759
204 486 4319
945 806 -8166
367 692 21787
556 974 3447
283 222 29331
583 948 12723
18 776 9220
182 856 19490
324 486 19677
643 534 15677
68 991 32196
828 727 29426
697 612 18703
408 545 9508
238 237 26443
501 850 25128
650 149 11192
869 681 27465
713 793 18634
972 830 24901
177 877 25770
364 381 16590
237 23 32179
169 327 -12042
182 58 7926
670 528 5651
213 860 25783
742 610 4472
434 841 20718
867 865 10938
257 750 28614
458 661 26063
807 278 19489
365 75 7586
833 360 13330
928 492 -12433
766 735 19810
837 892 31982
352 369 31244
608 252 11647
535 208 3264
243 649 22015
189 100 19812
523 851 24474
891 200 -19854
697 919 17780
931 544 3340
899 525 8483
492 193 28252
560 834 1840
785 529 31540
791 392 13210
578 979 30971
73 193 1620
826 276 19790
578 159 20418
159 449 12924
380 8 27967
477 503 15370
196 74 13722
19 761 -11056
163 683 13716
452 741 4954
862 396 15460
904 599 -20136
198 32 14387
240 517 -17006
241 882 25249
758 105 29621
296 916 15678
579 58 -27577
7 729 24081
678 676 27753
784 565 3093
172 243 29929
168 55 11191
922 748 5651
144 446 31577
629 916 5874
469 912 8146
91 815 26949
640 52 236
487 226 28162
183 394 30180
513 261 12578
878 140 4611
445 170 29975
750 149 3333
214 282 27007
896 367 28522
810 641 7231
705 479 6321
351 447 24208
276 759 30189
666 486 3455
614 860 29253
348 503 10861
82 455 14197
752 821 17296
21 455 15947
318 135 11376
859 998 12074
922 635 1643
153 232 -4747
926 678 6450
961 199 20855
716 573 31561
473 274 1550
181 287 -2699
643 465 7172
981 112 13476
247 890 16671
372 32 -3989
165 431 9658
206 578 16948
171 166 3396
20 694 15529
109 984 11969
617 15 16626
168 906 25928
118 390 15199
486 199 -12420
271 813 27415
318 580 1331
387 444 23186
360 827 28074
152 271 10268
885 337 31311
677 406 7768
413 0 542
38 388 7355
647 181 13093
987 761 20493
501 482 29447
753 104 15084
525 221 3964
872 106 3656
593 80 16080
411 713 20968
216 79 -28768
531 933 23779
259 653 27936
365 874 7720
680 976 18455
559 156 5602
905 440 7375
885 962 21080
797 202 -10508
340 76 9058
740 546 20474
97 880 23335
400 707 22955
141 588 12481
315 396 16225
12 136 11455
43 742 21
512 248 26018
717 714 -17650
169 895 -5303
979 199 29105
661 681 3652
33 29 15987
253 83 11420
718 244 31063
652 864 -4769
5 47 1594
326 276 -21323
679 990 -32588
271 945 -29221
183 589 23955
779 6 13262
487 196 29033
935 779 -15993
962 965 11001
807 567 2669
671 457 12998
597 218 8838
372 563 21028
801 723 13490
601 227 11197
771 363 29301
721 565 17421
610 495 16741
812 151 23015
393 738 15279
608 654 3822
245 338 -144
339 154 24604
225 78 21724
330 733 28223
130 846 4987
805 616 5750
338 963 28135
209 630 23224
737 474 31920
293 855 6734
56 606 8184
382 119 6741
684 779 12279
667 836 24125
737 28 32119
737 91 20556
60 901 8793
136 580 14875
184 74 -8719
476 41 3351
290 974 23072
189 787 31490
893 53 17063
903 5 24176
695 139 32468
83 639 29515
993 826 15722
828 581 24399
891 23 26943
243 349 2702
502 141 10687
891 637 -18413
816 690 13162
126 410 19877
260 189 26705
663 722 32195
360 38 18588
245 467 32425
189 542 13063
502 617 9099
226 203 30048
570 636 9458
456 405 11531
819 975 10556
495 44 30591
388 915 7450
272 791 29383
775 642 -23569
954 78 3585
333 893 10490
750 233 10722
611 990 30338
258 47 2352
479 302 -32683
2 568 4422
135 8 12361
194 699 23188
42 357 23941
469 345 4380
964 710 20061
73 504 9462
102 69 5154
552 74 -19149
244 844 13049
65 363 19552
470 731 6747
869 398 10498
352 679 28053
522 88 1563
850 22 7240
580 477 27616
178 220 14615
635 857 2883
902 262 -19420
22 273 25841
888 917 31717
698 267 11749
389 932 25619
3 130 13028
589 152 18630
864 407 12295
681 490 26610
71 236 6459
840 633 27037
630 274 12993
203 461 8290
307 997 31151
890 717 6640
566 883 23661
245 386 32651
601 840 17209
283 250 18058
175 581 26787
287 999 12504
138 700 530
118 205 7540
459 622 -14398
98 935 10481
567 493 28596
746 538 7670
476 555 24917
760 752 13758
255 65 726
34 759 10393
273 792 16193
137 103 3690
694 668 32627
989 248 3879
149 931 669
598 449 25436
123 443 1731
861 434 9385
816 393 16704
953 308 28223
792 667 10048
930 811 -19814
427 743 1604
506 158 17589
809 889 -11447
818 364 17975
89 503 30066
676 395 28641
651 109 8187
250 686 4755
128 502 24277
872 832 30885
646 889 6478
925 265 31260
778 821 -13855
927 773 25134
675 336 16334
974 590 20356
80 935 32145
825 718 13573
37 998 9905
717 692 19539
946 103 30231
839 858 20829
645 272 675
72 773 2480
897 542 29608
277 125 20134
169 736 27478
138 721 31426
677 575 6724
862 2 18448
684 16 15137
993 284 2944
643 668 10677
857 41 8891
72 929 841
615 536 14957
700 452 5093
829 448 5227
274 133 22885
909 878 6923
400 24 14193
412 765 5767
677 784 -704
834 891 621
734 190 20542
86 18 15621
597 376 24254
108 927 12493
366 102 -2438
808 632 21478
787 239 -28074
827 554 1988
2 321 30104
56 509 29833
761 533 20686
385 142 -18842
161 620 4343
63 591 5934
656 761 25012
959 251 -18738
124 507 8007
489 958 -15441
13 412 -14855
93 472 25402
543 373 6266
275 528 532
729 107 27892
570 519 19472
494 505 28440
262 409 28607
360 471 11171
947 514 14523
632 470 25739
522 283 8160
687 629 42
45 356 13388
154 466 -11833
919 631 6738
776 98 -24314
469 216 9722
260 947 -13793
376 314 16626
334 620 14171
964 154 18866
0 212 21100
476 379 10943
789 361 11385
434 144 29561
888 308 -12157
123 464 4074
837 981 25318
832 123 6461
461 330 28498
291 400 14179
317 914 1595
936 867 7028
909 973 17981
569 816 1883
385 402 5230
310 866 3687
764 238 27671
115 592 27311
405 53 -7171
740 530 -13675
790 377 10998
631 744 -8388
718 919 18259
479 716 6300
853 458 20830
806 849 14854
160 294 12054
146 229 10471
559 241 29421
366 33 -26685
329 261 22860
982 162 32506
540 795 7266
317 134 32053
843 693 16466
140 94 12937
512 97 9551
817 492 21292
530 613 -25296
389 628 5809
120 393 6292
11 913 6693
203 995 17762
48 768 26624
954 235 1127
240 862 15127
400 558 21476
935 430 5831
537 623 17922
29 211 16211
880 253 3293
785 528 -10443
640 934 18040
834 248 1539
796 312 7262
731 987 24464
170 450 27182
293 99 23332
331 75 -31004
26 66 11738
623 843 -441
88 854 8613
153 948 24395
508 908 17411
665 781 -3202
23 769 11715
478 145 21840
968 994 16633
910 872 8982
306 635 17860
343 768 28233
171 603 28942
879 34 14512
188 227 32719
435 224 28094
867 627 22005
578 956 32677
42 300 15811
143 595 21016
804 6 28368
325 313 28023
618 457 18396
846 43 31522
280 455 26358
413 454 31896
641 646 23525
695 403 12594
67 187 4640
41 125 -12534
0 907 32621
293 117 7717
943 893 10639
978 748 2850
444 654 23623
36 547 21346
61 904 10238
886 405 5299
728 267 3751
991 166 5717
421 912 6867
201 328 24942
262 720 21244
625 219 17584
149 14 5695
537 814 8363
917 683 31918
252 586 31269
27 148 31993
271 669 893
314 173 24069
231 920 10106
368 421 15258
706 189 11156
351 923 -7118
844 743 7741
356 917 6227
102 286 19468
950 112 20122
277 553 -13976
751 397 19751
716 328 1511
838 296 18939
62 426 4719
785 231 7406
709 956 22421
465 16 21860
677 49 21005
143 377 10130
488 215 -12008
940 799 2997
454 304 8237
499 792 29613
682 983 15351
968 710 21968
641 732 12437
499 701 29869
820 835 1663
712 984 30624
504 822 4055
84 160 31122
931 197 27505
357 599 28290
505 146 3609
13 727 15712
909 841 -20130
666 344 32736
536 980 -716
384 747 20328
411 40 250
845 506 9088
107 266 5857
199 674 14155
858 996 -8917
234 246 11462
95 906 -8314
879 301 15812
561 180 18200
647 939 -19808
618 419 24007
336 621 21501
129 358 1436
516 481 15579
488 319 5589
574 733 5059
176 137 20633
956 524 6966
876 27 1205
700 217 2016
505 157 31502
275 46 17632
153 184 -19649
405 346 -1025
896 210 17776
795 852 17350
50 82 16806
66 116 6388
167 420 4345
861 151 28318
429 264 15966
380 165 -5946
715 200 1206
67 415 6645
354 448 24919
988 321 7592
658 122 26859
120 320 32036
108 207 5259
26 124 27607
884 128 24546
481 714 20149
217 955 16641
480 975 30260
938 657 14990
242 618 16070
781 990 12833
721 898 31447
686 794 23577
702 684 -15023
475 311 26850
848 784 30245
871 16 8172
298 39 31283
442 735 32389
735 883 2186
752 521 9260
496 386 21011
547 121 23202
702 564 31539
257 370 21920
960 510 29591
145 991 1969
147 53 22708
66 689 14663
514 966 -25988
587 417 31463
859 305 22496
519 596 5715
959 357 10886
468 869 456
971 57 14095
722 983 6231
408 505 32702
713 332 23092
619 880 4718
518 220 10035
694 90 20189
523 539 20609
415 644 5436
378 676 17858
582 202 18775
759 755 11417
254 922 30876
816 803 21090
322 902 27602
734 438 12274
453 503 2307
749 620 23296
120 526 16406
691 588 30538
104 877 20353
611 842 8724
228 580 32471
148 444 24745
518 399 5032
245 59 24169
49 518 16467
562 570 8211
852 747 32521
70 271 -22342
96 33 4493
739 584 25923
341 197 8545
77 199 16835
233 571 27376
131 749 31539
436 366 11592
851 788 30794
957 553 26271
648 54 5517
6 491 31870
721 952 17322
264 383 8720
531 674 -3902
9 430 22794
754 782 17933
636 353 7549
150 432 5872
770 313 27165
167 982 5783
511 992 -27824
969 488 21164
96 594 8901
863 961 2565
81 558 28103
500 955 31155
800 407 28134
537 551 25851
312 401 25199
263 461 21846
937 599 31499
175 944 6125
373 31 22604
715 51 24736
364 498 2508
274 433 29740
730 75 8803
388 497 27711
451 115 8804
921 544 15370
365 111 12817
502 25 27559
719 666 16218
660 700 -11638
414 947 21293
802 448 6513
780 554 3078
773 894 10419
92 905 7251
505 607 3278
772 8 13790
47 831 29086
67
