90 100 
1
41 17 -6334
89 64 11478
52 74 5705
61 87 9961
25 62 4827
81 24 3902
22 52 17421
8 5 5447
11 18 1869
17 19 17035
83 51 31322
33 74 15141
83 28 25547
82 87 20037
83 21 27529
76 65 22190
18 46 9040
4 58 27446
50 69 -24370
66 51 24393
9 23 24084
36 50 4966
71 28 16944
56 73 5537
8 12 22929
63 65 4639
24 30 13977
71 35 26924
60 69 26777
57 42 -23986
71 6 22355
75 4 4031
80 70 16941
16 10 31107
7 87 15457
5 89 32209
11 48 6422
56 70 16413
0 11 18762
40 59 27624
38 3 27595
2 50 10291
14 40 4596
78 69 19668
1 54 53
48 38 6900
37 17 3728
78 73 17807
0 47 22813
89 56 18935
80 29 16519
28 63 6224
84 29 14989
45 55 3093
13 57 29314
68 0 13458
60 86 14798
59 8 28009
88 52 6038
10 47 7958
15 28 19156
2 24 24272
82 26 18875
79 72 23844
62 21 10021
47 36 27892
35 2 -2600
33 49 17861
45 43 5002
88 16 28617
86 9 2368
14 79 7441
85 60 21718
49 67 19866
13 65 3297
26 85 24488
24 1 31316
83 55 31185
32 65 4313
31 4 23196
19 1 -5535
63 44 -26154
65 39 13186
17 4 9314
48 77 -17773
53 58 17192
42 20 29213
13 34 11023
27 66 11585
33 9 24229
79 22 22296
83 42 3584
84 52 21457
32 83 2607
11 25 10067
85 68 2223
84 31 22741
39 5 -3221
6 74 15205
0 28 22279
23
