40 800 
1
1 27 -6334
9 4 11478
2 24 5705
1 11 2995
27 36 32391
22 33 292
21 36 19718
7 6 14771
29 32 25667
35 14 28703
2 13 17673
21 31 28253
27 4 32662
37 19 8723
9 18 12316
30 2 288
0 22 19264
6 5 15890
10 30 15006
33 28 19629
4 34 -18756
6 16 13931
24 39 24626
17 18 16118
33 35 4639
17 26 31673
21 25 26924
30 29 26777
17 32 -23986
35 7 23655
31 12 -27350
6 30 31107
33 23 14945
9 38 24221
13 8 900
2 15 17410
28 3 27595
14 20 4596
9 37 20472
18 12 6038
30 17 7958
15 8 19156
2 34 24272
8 6 26362
35 33 29869
4 16 21881
2 11 10021
37 36 27892
35 32 -2600
3 29 17861
1 29 15255
2 25 24182
8 26 28617
32 12 4169
1 29 19976
8 12 21425
34 29 7441
25 20 21718
19 23 16279
7 9 22549
26 29 193
17 16 28286
8 2 12455
34 21 31316
26 23 4313
25 13 912
32 25 4313
1 38 23646
1 24 23196
9 1 -5535
13 26 12044
12 39 17253
34 30 4745
26 33 4474
8 18 18787
38 31 10202
37 14 9314
14 34 24372
33 30 7487
38 17 -17773
3 28 17192
22 0 29213
2 19 30527
23 4 11023
21 21 31003
25 33 22725
12 22 17222
24 20 -19187
13 14 -14270
35 33 -19711
16 27 -7285
20 14 2695
19 5 26576
18 22 17371
38 33 23851
18 24 21119
0 7 31060
10 37 32170
16 27 12043
4 29 7882
5 7 29577
25 27 5629
23 0 6902
3 36 3737
35 5 -1264
2 36 5030
11 11 6411
33 0 29790
28 3 4940
22 29 30900
38 18 8365
37 0 26058
23 0 19357
37 28 21113
1 10 14460
33 24 -19405
31 24 12835
32 30 18823
36 16 1626
6 37 29337
29 1 12896
17 32 12717
25 1 24423
29 5 6559
16 15 12053
24 14 6654
17 9 22532
7 3 911
27 8 4675
23 22 23754
21 15 21459
21 30 1626
5 23 23850
39 21 12193
37 14 5556
16 25 6962
1 20 14413
15 15 13142
11 37 20424
32 3 28296
0 33 875
18 10 1017
32 15 13169
0 8 -28685
17 29 25990
33 34 -18651
4 18 335
32 5 25264
23 29 23775
12 37 17549
1 27 6467
9 0 27813
1 37 20215
13 32 25824
32 39 2670
27 4 10075
18 10 6287
4 23 21221
26 3 9010
9 0 12164
19 33 7591
18 32 750
15 19 303
18 7 13584
11 24 22913
25 32 17546
9 22 8519
9 24 -2865
5 28 -28318
1 3 21132
32 7 28570
21 23 14423
0 9 14015
28 23 25347
23 37 22409
9 1 1588
8 20 21221
34 8 -14146
29 3 -21430
28 27 4536
35 26 15185
13 29 11224
3 39 32257
24 35 23318
11 25 20355
29 16 18584
4 22 8075
22 36 21948
26 6 26173
4 25 20626
15 13 16565
16 21 30814
16 12 23936
2 35 21015
30 1 14625
37 26 -19690
22 34 10893
16 12 14008
33 14 16303
23 16 148
37 13 27109
0 0 21318
10 35 31361
23 36 29643
22 1 28489
2 13 -30674
2 3 3831
38 19 19008
11 3 21945
24 32 32685
18 29 12722
37 10 31461
28 1 3959
35 29 24937
18 20 13971
37 15 24555
10 39 30212
2 34 -16085
4 14 8380
31 21 18115
30 18 23073
17 12 29956
33 8 -12941
3 3 28
18 0 5071
14 31 11333
33 15 32168
36 29 28650
29 13 -4686
36 9 26667
39 24 29421
26 16 7516
26 7 27681
20 6 6021
1 24 29309
22 33 17124
25 2 28423
6 28 9318
27 27 23481
16 30 24114
4 36 12290
36 32 1054
28 8 7491
11 34 16439
2 24 6995
29 39 18238
38 26 17659
6 36 7462
38 22 1146
37 5 10647
2 7 -4098
12 0 7278
32 8 -13882
35 15 8762
16 37 31418
28 11 -26816
9 5 658
0 20 29560
2 15 20675
1 34 16398
34 26 21188
38 23 15075
1 35 15615
34 10 905
37 2 14161
29 29 330
30 13 -22925
17 16 18337
33 36 30714
31 29 19135
17 4 16337
24 10 25608
1 5 9152
12 34 9876
36 12 -6249
14 19 943
21 9 8419
5 25 -16216
15 9 11064
13 34 -13509
15 13 15589
12 8 27358
28 26 28510
14 19 30910
22 31 15495
34 4 14902
20 34 6972
2 27 21577
5 35 -27594
23 34 2481
32 39 13428
2 7 24408
28 23 11759
4 6 4319
25 6 -8166
7 12 21787
36 14 3447
3 22 29331
23 28 12723
18 16 9220
22 16 19490
4 6 19677
3 14 15677
28 31 32196
28 7 29426
17 12 18703
8 25 9508
38 37 26443
21 10 25128
10 29 11192
29 1 27465
33 33 18634
12 30 24901
17 37 25770
4 21 16590
37 23 32179
9 7 -12042
22 18 7926
30 8 5651
13 20 25783
22 10 4472
34 1 20718
27 25 10938
17 30 28614
18 21 26063
7 38 19489
5 35 7586
33 0 13330
8 12 -12433
6 15 19810
37 12 31982
32 9 31244
8 12 11647
15 8 3264
3 9 22015
29 20 19812
3 11 24474
11 0 -19854
17 39 17780
11 24 3340
19 5 8483
12 33 28252
0 34 1840
25 9 31540
31 32 13210
18 19 30971
33 33 1620
26 36 19790
18 39 20418
39 9 12924
20 8 27967
37 23 15370
36 34 13722
19 1 -11056
3 3 13716
12 21 4954
22 36 15460
24 39 -20136
38 32 14387
0 37 -17006
1 2 25249
38 25 29621
16 36 15678
19 18 -27577
7 9 24081
38 36 27753
24 5 3093
12 3 29929
8 15 11191
2 28 5651
24 6 31577
29 36 5874
29 32 8146
11 15 26949
0 12 236
7 26 28162
23 34 30180
25 25 2513
18 38 -16878
11 27 -2445
15 9 24750
13 25 22214
7 32 8896
2 2 31810
31 27 6705
1 18 31351
8 6 22276
29 22 27666
15 28 -29614
13 17 31348
21 31 29082
37 26 8752
16 1 26021
27 4 18318
16 14 29859
34 13 6922
3 8 8153
27 0 19926
10 1 24961
15 3 5716
1 5 6473
30 33 1181
19 30 18643
12 9 9981
36 21 -8247
31 5 32372
29 0 23165
18 13 17206
28 6 27171
36 17 31020
9 28 30109
9 18 21617
26 4 9168
8 17 -28118
39 25 14486
20 30 18271
15 5 -318
11 27 8387
26 27 4360
34 31 7152
28 13 19885
31 4 12677
8 22 -19413
22 17 30038
35 9 31647
13 24 10987
13 17 9501
7 25 10753
4 15 13525
4 21 4872
16 23 -22593
0 28 21411
8 11 27216
8 0 31531
19 23 12259
16 15 24365
0 35 25680
15 5 4071
39 36 5602
25 0 7375
5 2 21080
37 2 -10508
20 36 9058
20 26 20474
17 0 23335
0 27 22955
21 28 12481
35 36 16225
12 16 11455
3 22 21
32 8 26018
37 34 -17650
15 39 3169
23 0 21979
25 31 18661
12 33 24033
27 2 26253
20 14 32718
23 29 20652
9 30 15005
34 7 24326
3 20 -7679
28 30 29271
21 30 20183
35 18 24779
22 15 23487
33 8 12935
33 30 24962
1 25 11807
29 14 32671
38 25 13597
38 4 7372
28 24 28801
10 4 31601
37 12 19771
21 3 7721
21 5 18610
21 22 31812
15 15 3393
39 2 1608
22 27 24245
24 10 31339
4 23 22225
4 21 2330
23 34 29130
27 5 18805
30 9 27338
15 17 -32209
24 28 26737
0 12 10293
14 1 31056
24 35 28382
21 32 24684
39 3 20667
5 38 12737
39 17 10737
36 35 16060
33 32 -2136
35 27 21184
39 30 20476
31 9 16290
32 31 12189
10 39 14893
23 1 25903
16 39 1695
28 38 21083
35 21 29993
2 38 24828
39 18 11891
23 34 14243
22 27 20502
7 26 15891
13 0 -22816
2 15 -29126
37 22 26260
25 34 2663
35 6 16360
28 11 28245
25 27 13189
23 27 30502
19 23 17226
8 11 1570
18 7 8456
11 2 26819
36 11 31495
31 3 3388
10 39 6272
23 13 1775
9 20 17954
25 17 25333
10 23 4750
2 31 -19611
18 1 23258
32 18 479
3 30 10002
22 15 6135
1 22 22194
28 18 4042
21 7 7469
20 33 -14964
21 25 20073
22 23 28102
34 9 31552
29 10 2244
9 38 24065
32 13 18470
27 31 5869
18 23 27352
13 3 14522
3 34 9850
0 31 9492
20 37 27616
18 20 14615
38 19 31635
3 22 18902
20 10 19022
1 6 28888
37 12 13698
29 25 10389
19 1 -2003
28 31 14589
30 12 19864
15 28 -29681
10 17 31071
19 3 16840
37 13 22630
33 22 32203
10 22 22307
31 23 8890
0 23 5566
21 19 18245
11 5 -19601
9 17 -27283
18 21 175
27 31 4287
24 19 -2138
10 21 12118
20 28 24459
38 0 27098
1 14 19567
36 1 7746
30 18 21476
37 11 16760
38 33 32255
6 1 3034
33 28 27273
33 13 30137
10 11 13694
27 18 989
39 7 11149
29 35 25598
36 39 20123
11 34 22861
25 7 10816
24 26 30953
23 4 30792
8 29 13930
14 10 5427
4 39 16474
26 38 17589
9 9 -11447
18 4 17975
9 23 30066
0 10 14676
1 26 17651
27 3 -21085
10 6 4755
8 22 24277
24 5 3872
5 28 6646
38 3 24925
20 5 20778
15 0 12927
14 11 22675
14 1 -2737
14 30 20356
0 15 32145
25 38 13573
37 38 9905
37 12 19539
26 23 30231
39 18 20829
34 39 19645
35 22 32072
0 38 26897
8 3 23277
14 1 9078
9 16 27478
18 1 31426
37 15 6724
20 1 28862
8 15 684
17 27 13993
24 19 821
3 28 10677
17 1 8891
23 35 8072
1 35 17615
37 39 700
13 1 11829
27 38 16224
34 13 22885
10 22 32629
29 38 6923
0 24 14193
12 5 5767
37 24 -704
34 11 621
14 30 20542
6 18 15621
37 16 24254
28 7 12493
6 22 -2438
19 38 2290
19 36 25808
38 14 13787
34 20 10827
28 1 16798
2 1 30104
16 29 29833
1 13 20686
25 22 -18842
1 20 4343
27 33 13063
14 15 656
12 11 11959
18 10 26124
7 24 10951
9 38 -15441
13 12 -14855
13 32 25402
23 13 6266
35 8 532
29 23 32729
12 11 17953
10 39 19472
14 25 28440
22 9 28607
0 31 11171
27 34 14523
9 6 17887
32 30 25739
2 3 8160
25 11 1259
7 29 42
5 36 13388
34 26 -11833
39 31 6738
16 18 -24314
13 7 16469
2 2 29007
20 27 -13793
37 3 31376
26 37 -1334
11 32 8964
26 13 30664
0 12 21100
36 19 10943
29 1 11385
34 24 29561
24 26 23888
37 30 5123
34 26 13837
38 11 16292
32 3 6461
21 10 28498
11 0 14179
37 34 1595
16 27 7028
29 13 17981
9 16 1883
25 2 5230
1 7 8310
7 11 3477
4 38 27671
35 32 27311
5 13 -7171
20 10 -13675
30 17 10998
4 9 19631
28 10 18718
19 7 14609
39 36 6300
13 18 20830
6 9 14854
0 14 12054
26 29 10471
39 1 29421
6 33 -26685
9 21 22860
22 2 32506
19 17 7887
29 23 17540
26 33 13509
37 14 32053
18 33 17843
26 31 18140
17 14 2512
31 15 21817
12 37 27530
16 30 32389
9 26 -31744
22 9 6120
12 2 14214
7 34 8705
11 33 6693
3 35 17762
26 29 1048
24 31 7954
7 33 28240
7 17 -23817
22 20 28400
36 34 -10935
31 15 3537
2 7 28029
11 34 26880
13 1 20785
3 0 10555
30 12 9375
0 14 18040
34 8 1539
36 32 7262
11 27 24464
8 36 -20170
22 21 13293
12 4 32331
4 10 15026
18 1 19623
1 20 19695
19 3 12628
8 14 8613
9 26 7679
37 2 23115
3 32 29448
33 28 24395
28 28 17411
25 21 -3202
28 16 27705
23 9 11715
5 4 29478
0 33 -19285
8 34 16633
28 1 18032
30 32 8982
26 35 17860
7 17 8343
33 35 29171
22 11 7879
32 33 530
34 18 21926
31 3 6188
39 4 5224
35 24 28094
27 27 22005
6 29 20540
10 39 9578
37 3 -28042
11 25 21143
16 15 28804
8 1 30335
